R (0,0) (100,100) 255 255 255 255 255 255 255 255 255  255 255 255
R (50,0) (100,100) 0 255 255 0 255 255 0 255 255  0 255 255
R (60,35) (100,64) 255 0 0 255 0 0 255 0 0 255 0 0
T (60,35) (80,35) (80, 25) 0 0 255
T (60,64) (80,64) (80, 74) 0 0 255
L (80,69) (95,80) 255 222 173
L (80,68) (95,79) 255 222 173
L (80,67) (95,78) 255 222 173
L (80,70) (95,81) 255 222 173
L (80,30) (95,19) 255 222 173
L (80,29) (95,18) 255 222 173
L (80,28) (95,17) 255 222 173
L (80,31) (95,20) 255 222 173
C (30,30) 10 0 0 0
C (30,50) 10 0 0 0
C (30,70) 10 0 0 0
C (50,50) 20 255 222 173
C (55,50) 8 255 255 255
R (45,42) (55,58) 255 222 173 255 222 173 255 222 173  255 222 173
C (45,43) 4 255 255 255
C (45,57) 4 255 255 255
C (45,43) 1 0 0 0
C (45,57) 1 0 0 0
L (12,31) (4,31) 0 0 0
L (4,31) (10,34) 0 0 0
L (10,34) (4,37) 0 0 0
L (4,37) (12,37) 0 0 0
L (4,40) (12,40) 0 0 0
L (4,42) (12,42) 0 0 0
L (4,42) (4,46) 0 0 0
L (12,42) (12,46) 0 0 0
L (4,48) (12,48) 0 0 0
L (8,48) (4,51) 0 0 0
L (8,48) (12,51) 0 0 0
L (4,53) (12,53) 0 0 0
L (4,53) (4,56) 0 0 0
L (8,53) (8,56) 0 0 0
L (12,53) (12,56) 0 0 0
L (4,58) (8,60) 0 0 0
L (8,60) (4,62) 0 0 0
L (8,60) (12,60) 0 0 0
